201428012251012
201428012251014
201428012251015
201428012251016
201428012251017
201418012342001
201418012342002
201418012342003
201418012342004
201418012342005
201418012342006
201418012342007
201418012342008
201418012342009
201418012342010
201418012342011
201418012342012
201418012342013
201418012342014
201418012342015
201418012342016
201418012342017
201418012342018
201418012342019
201418012342020
201418012342021
201418012342022
201418012342023
201418012342024
201418012342025
201418012342026
201418012342028
201418012342029
201418012342030
201418012342031
201418012342032
201418012342033
201418012342034
201418012342035
201418012342036
201418012342037
201418012342038
201418012342039
201418012342040
201418012342041
201418012342042
201418012342044
201418012342045
201418012342046
201418012342047
201418012342048
201418012342049
201418012342050
201418012342052
201418012342053
201418012342054
201418012342055
201418012342056
201418012342057
201418012342059
201418012342060
201418012342061
201418012342062
201418012342063
201418012342064
201418012342065
201418012342066
201418012342067
201418012342068
201418012342070
201418012342071
201418012342072
201418012342073
201418012342074
201418012342075
201418012342076
201418012342077
201428012342001
201428012342002
201428012342003
201428012342004
201428012342005
201428012342006
201428012342007
201428012342008
201428012342010
201428012342012
201428012342013
201428012342017
201428012342019
201428012342021
201428012342022
201428012342023
201428012342025
201428012342026
201428012342027
201428012342028
201428012342029
201428012342033
201428012342034
201428012342035
201428012342036
201428012342037
201428012342038
201428012342039
201428012342040
201428012342041
201428012342042
201428012342043
201428012342044
201428012342046
201428012342047
201428012342051
201428012342053
201428012342054
201428012342056
201428012342057
201428012342059
201428012342063
201428012342066
201428012342073
201428012342074
201428012342077
201428012342079
201428012342080
201428012342084
201428012342088
201428012342090
201428012342091
201428012342096
201428012342108
201428012342112
201428012342115
201428012342116
201428012342117
201428012342120
201428012342121
201428012342125
201428012342126
201428012342131
201428012342132
201428012342133
201428012342135
201428012342139
201428012342140
201428012342141
201428012342142
201428012342143
201428012342146
201428012342148
201428012342150
201428012342151
201428012342152
201428012342154
2014E8012361156
2014E8012361157
2014E8012363158
2014E8012363159
2014E8012363160
2014E8012363161
2014E8012363162
2014E8012363163
2014E8012363164
201418013229008
201418013229010
201418013229011
201418013229012
201418013229013
201418013229014
201418013229015
201418013229016
201418013229017
201418013229018
201418013229019
201418013229020
201418013229021
201418013229022
201418013229023
201418013229024
201418013229025
201418013229026
201418013229027
201418013229028
201418013229029
201418013229030
201418013229031
201418013229032
201418013229033
201418013229034
201418013229035
201418013229036
201418013229037
201418013229038
201418013229039
201418013229040
201418013229041
201418013229042
201418013229043
201418013229044
201418013229045
201418013229046
201418013229047
201418013229048
201418013229049
201418013229050
201418013229051
201418013229052
201418013229053
201418013229054
201418013229055
201418013229056
201418013229057
201418013229058
201418013229059
201418013229060
201418013229061
201418013229062
201418013229064
201418013229065
201418013229066
201418013229067
201418013229068
201418013229069
201418013229070
201418013229071
201418013229072
201418013229073
201418013229074
201418013229075
201418013229076
201418013229077
201418013229078
201418013229079
201418013229080
201418013229081
201418013229082
201418013229083
201418013229084
201418013229085
201418013229086
201418013229087
201418013229088
201418013229089
201418013229090
201418013229091
201418013229092
201418013229093
201418013229094
201418013229095
201418013229096
201418013229097
201418013229098
201418013229099
201418013229100
201418013259101
201428013229001
201428013229002
201428013229003
201428013229004
201428013229005
201428013229006
201428013229007
201428013229008
201428013229009
201428013229010
201428013229011
201428013229012
201428013229013
201428013229014
201428013229015
201428013229016
201428013229017
201428013229018
201428013229019
201428013229020
201428013229021
201428013229022
201428013229023
201428013229024
201428013229025
201428013229026
201428013229027
201428013229028
201428013229029
201428013229030
201428013229031
201428013229032
201428013229033
201428013229034
201428013229035
201428013229036
201428013229037
201428013229038
201428013229039
201428013229040
201428013229041
201428013229042
201428013229043
201428013229044
201428013229045
201428013229046
201428013229047
201428013229048
201428013229049
201428013229050
201428013229051
201428013229052
201428013229053
201428013229054
201428013229055
201428013229056
201428013229057
201428013229058
201428013229059
201428013229060
201428013229061
201428013229062
201428013229063
201428013229064
201428013229065
201428013229066
201428013229067
201428013229068
201428013229069
201428013229070
201428013229071
201428013229072
201428013229073
201428013229074
201428013229075
201428013229076
201428013229077
201428013229078
201428013229079
201428013229080
201428013229081
201428013229082
201428013229083
201428013229084
201428013229085
201428013229086
201428013229087
201428013229088
201428013229089
201428013229090
201428013229091
201428013229092
201428013229093
201428013229094
201428013229095
201428013229096
201428013229097
201428013229098
201428013229099
201428013229100
201428013229101
201428013229102
201428013229103
201428013229104
201428013229105
201428013229106
201428013229107
201428013229108
201428013229109
201428013229110
201428013229111
201428013229112
201428013229113
201428013229114
201428013229115
201428013229116
201428013229117
201428013229118
201428013229119
201428013229120
201428013229121
201428013229122
201428013229123
201428013229124
201428013229125
201428013229126
201428013229127
201428013229128
201428013229129
201428013229130
201428013229131
201428013229132
201428013229133
201428013229134
201428013229135
201428013229136
201428013229137
201428013229138
201428013229139
201428013229140
201428013229141
201428013229142
2014D8013261102
2014D8013261103
2014D8013261104
2014E8013261143
2014E8013261144
2014E8013261145
2014E8013261146
2014E8013261147
2014E8013261148
2014E8013261149
2014E8013261150
2014E8013261151
2014E8013261152
2014E8013261153
2014E8013261154
2014E8013261156
2014E8013261157
2014E8013261158
2014E8013261159
2014E8013261160
2014E8013261161
2014E8013261162
2014E8013261163
2014E8013261164
2014E8013261165
2014E8013261166
2014E8013261167
2014E8013261168
2014E8013261169
2014E8013261170
2014E8013261171
2014E8013261172
2014E8013261173
2014E8013261174
2014E8013261175
2014E8013261176
2014E8013261177
2014E8013261178
2014E8013261179
2014E8013261180
2014E8013261181
2014E8013261182
2014E8013261183
2014E8013261184
2014E8013261185
2014E8013261186
2014E8013261187
201418014326022
201418014326023
201418014326024
201418014326026
201418014326027
201418014326028
201418014326029
201418014326030
201418014326031
201418014326032
201418014326033
201418014326034
201418014326035
201418014326037
201418014326038
201418014326039
201418014326040
201418014326041
201418014326042
201418014326043
201418014326044
201418014326045
201418014326046
201418014326047
201418014326048
201418014326049
201418014326051
201418014326052
201418014326053
201418014326055
201418014326056
201418014326058
201418014326059
201428014307001
201428014307003
201428014307004
201428014320031
201428014320032
201428014320036
201428014320037
201428014320038
201428014324040
201428014324042
201428014324043
201428014324044
201428014324045
201428014324046
201428014326008
201428014326009
201428014326010
201428014326011
201428014326012
201428014326013
201428014326014
201428014326015
201428014326016
201428014326017
201428014326018
201428014326019
201428014326020
201428014326021
201428014326023
201428014326025
201428014326026
201428014326027
201428014326028
201428014326029
201428014326030
201428014326048
201428014326049
201428014326050
201428014326051
201428014326052
201428014326054
201428014326055
201428014326056
201428014326057
201428014326058
201428014326059
201428014326060
201428014326061
201428014326062
201428014326064
201428014326066
201428014326067
201428014327068
201428014327069
201428014327071
201428014327072
201428014327073
201428014327075
201428014327076
201428014327077
201428014327078
201428014327079
201428014327080
201428014327081
201428014327082
201428014332085
201428014332086
201428014332088
201428014332089
201418014422019
201418014422020
201418014422021
201418014422022
201418014422023
201418014422024
201418014422025
201418014422026
201418014422027
201418014422028
201418014422029
201418014422030
201418014422031
201418014422032
201418014422033
201418014422034
201418014422035
201418014422036
201418014422037
201418014422038
201418014422039
201418014422040
201418014422041
201418014422042
201418014422043
201418014422044
201418014422045
201418014422046
201418014422047
201418014422048
201418014422049
201418014422050
201418014422051
201418014422052
201418014422053
201418014422054
201418014422055
201418014422056
201418014422057
201418014422058
201418014422059
201418014422060
201418014422061
201418014422062
201418014422063
201418014422064
201418014422065
201418014422066
201418014422067
201418014422068
201418014422069
201418014422070
201418014422071
201418014422072
201418014422073
201418014422074
201418014422075
201418014422076
201418014422078
201418014422079
201418014422080
201418014422081
201418014422082
201418014422083
201418014422084
201418014422085
201418014422086
201418014422087
201418014422088
201418014422089
201418014422090
201418014422091
201418014422092
201418014422093
201418014422094
201418014422095
201418014422096
201418014422097
201418014422098
201418014422099
201418014422100
201418014422101
201418014422102
201418014422103
201418014422104
201418014422105
201428014422001
201428014422002
201428014422003
201428014422004
201428014422005
201428014422006
201428014422007
201428014422008
201428014422009
201428014422010
201428014422011
201428014422012
201428014422013
201428014422014
201428014422015
201428014422016
201428014422017
201428014422018
201428014422019
201428014422020
201428014422021
201428014422022
201428014422023
201428014422024
201428014422025
201428014422026
201428014422027
201428014422028
201428014422029
201428014422030
201428014422031
201428014422032
201428014422033
201428014422034
201428014422035
201428014422036
201428014422037
201428014422038
201428014422039
201428014422040
201428014422041
201428014422042
201428014422043
201428014422044
201428014422045
201428014422046
201428014422047
201428014422048
201428014422049
201428014422050
201428014422051
201428014422052
201428014422053
201428014422054
201428014422055
201428014422056
201428014422057
201428014422058
201428014422059
201428014422060
201428014422061
201428014422062
201428014422063
201428014422064
201428014422065
201428014422066
201428014422067
201428014422068
201428014422069
201428014422070
201428014422071
201428014422072
201428014422073
201428014422074
201428014422075
201428014422076
201428014422077
201428014422078
201428014422079
201428014422080
201428014422081
201428014422082
2014E8014422083
2014E8014422084
2014E8014422085
2014E8014422086
2014E8014422087
2014E8014422088
2014E8014422089
2014E8014422090
2014E8014422091
2014E8014422092
2014E8014422093
2014E8014422094
2014E8014422095
2014E8014422096
2014E8014422097
2014E8014422098
2014E8014422099
2014E8014422100
2014E8014422101
2014E8014422102
2014E8014422103
2014E8014422104
201418015029004
201418015029005
201418015029006
201418015029007
201418015029008
201418015029009
201418015029011
201418015029012
201418015029013
201418015029014
201418015029015
201418015029016
201418015029017
201418015029018
201418015029019
201418015029020
201418015029021
201418015029022
201418015029023
201418015029024
201418015029025
201418015029026
201418015029027
201418015029028
201418015029029
201418015029030
201418015029031
201418015029032
201418015059034
201418015059035
201418015059036
201418015059037
201418015059038
201418015059039
201428015029001
201428015029002
201428015029003
201428015029004
201428015029005
201428015029006
201428015029007
201428015029008
201428015029009
201428015029010
201428015029011
201428015029012
201428015029013
201428015029014
201428015029015
201428015029016
201428015029017
201428015029018
201428015029019
201428015029020
201428015029021
201428015029022
201428015029023
201428015029024
201428015029025
201428015029026
201428015029027
201428015029028
201428015029029
201428015029030
201428015029031
201428015029032
201428015029033
201428015029034
201428015029035
201428015029036
201428015029037
201428015029038
201428015029039
201428015029040
201428015029041
201428015029042
201428015029043
201428015029044
201428015029045
201428015029046
201428015029047
201428015029048
201428015029049
201428015029050
201428015029051
201428015029052
201428015029053
201428015029054
201428015029055
201428015029056
201428015029057
201428015029058
201428015029059
201428015029060
201428015029061
201428015029062
201428015029063
201428015029064
201428015029065
201428015059066
201428015059067
201428015059068
201428015059069
201428015059070
201428015059071
201428015059072
201428015059073
201428015059074
201428015059075
201428015059076
201428015059077
201428015059078
2014E8015061079
2014E8015061080
2014E8015061081
2014E8015061082
2014E8015061083
2014E8015061084
2014E8015061085
2014E8015061086
2014E8015061087
2014E8015061088
2014E8015061089
2014E8015061090
2014E8015061091
201418009443012
201418016443001
201418016443003
201418016443004
201418016443006
201418016443007
201418016443009
201418016443010
201418016443011
201418016443012
201418016443013
201418016443014
201418016443015
201418016443016
201418016443019
201428016443003
201428016443004
201428016443005
201428016443006
201428016443007
201428016443008
201428016443009
201428016443010
201428016443011
201428016443012
201428016443013
201428016443014
201428016443015
201428016444016
201428016444017
201428016444018
201428016444019
201428016444020
201428016444021
201428016444022
201428016444023
201428016444024
201428016452001
201428016452002
201428017615010
2014E8017661022
